291 258 &
r 41.385201 12.494234 29.469276 60.200317 6
R 48.722858 28.209957 39.892506 37.901756 >
R 34 23 4 43 8
r 188 215 12 62 #
r 16.624660 13.137692 5.381755 9.959729 5
r 4.546170 29.150442 32.224922 22.717318 a
r 41.124317 56.019646 7.365561 53.198215 1
r 48.183762 31.662025 0.027355 14.295120 L
R 382 258 37 396 !
R 58 16 19 36 s
R 9 42 16 2 >
r 58 38 41 42 K
r 15 16 4 25 I
r 71.756119 65.570732 13.440797 45.679455 3
R 176.455566 -4.468834 379.697174 228.397675 W
r 380.620636 303.936371 194.322128 295.297882 a
R 36.349751 56.725609 60.503723 46.940552 =
R 27.929455 51.160347 75.212250 1.975451 ;
R 23.489212 52.443989 12.739847 17.503040 S
r 22 0 35 5 i